[(921.537962037962, 1848.530969030969)]
[(118.50099900099895, 1802.497002997003)]
[(939.4400599400599, 1677.1823176823177)]
[(550.7087912087911, 1661.8376623376623)]
[(558.3811188811189, 1807.611888111888)]
[(678.5809190809189, 1654.1653346653347)]
[(921.537962037962, 1874.1053946053946)]
[(952.2272727272727, 1684.8546453546453)]
[(404.93456543456546, 40.4190809190809)]
[(361.4580419580418, 1383.0764235764236)]
[(1192.626873126873, 1216.8426573426573)]
[(1213.0864135864138, 1879.2202797202797)]
[(530.2492507492509, 352.4270729270729)]
[(520.0194805194803, 999.4600399600399)]
